Operational state audit of ..\3W\dataset — 2026-09-27 19:55:11

32,872,250 samples over 40 real wells; states seen: ['Bullheading', 'Closed With Diesel', 'Closed With Gas', 'Depressurization', 'Flushing Diesel', 'Flushing Gas', 'Open', 'Restart', 'Shut-In', 'Unknown']

All samples, by fault folder and state:
state                          Open  Shut-In  Flushing Diesel  Flushing Gas  Bullheading  Closed With Diesel  Closed With Gas  Restart  Depressurization  Unknown     total  % Open  % Shut-In  % Flushing Diesel  % Flushing Gas  % Bullheading  % Closed With Diesel  % Closed With Gas  % Restart  % Depressurization  % Unknown
fault                                                                                                                                                                                                                                                                                                                              
Normal                      9929031    16570                0          7374        15032                6461             4314    34090              6911  2138400  12158183    81.7        0.1                0.0             0.1            0.1                   0.1                0.0        0.3                 0.1       17.6
Abrupt BSW Increase          222394        0                0             0            0                   0                0        0                 0    14400    236794    93.9        0.0                0.0             0.0            0.0                   0.0                0.0        0.0                 0.0        6.1
Spurious DHSV Closure        197801        0                0             0            0                   0                0        0                 0    79200    277001    71.4        0.0                0.0             0.0            0.0                   0.0                0.0        0.0                 0.0       28.6
Severe Slugging              569152        0                0             0            0                   0                0        0                 0   115200    684352    83.2        0.0                0.0             0.0            0.0                   0.0                0.0        0.0                 0.0       16.8
Flow Instability            2454883        0                0             0            0                   0                0        0                 0  1234800   3689683    66.5        0.0                0.0             0.0            0.0                   0.0                0.0        0.0                 0.0       33.5
Rapid Productivity Loss      399808        0                0             0            0                   0                0        0                 0    39600    439408    91.0        0.0                0.0             0.0            0.0                   0.0                0.0        0.0                 0.0        9.0
Quick PCK Restriction         55877        0                0             0            0                   0                0        0                 0    21600     77477    72.1        0.0                0.0             0.0            0.0                   0.0                0.0        0.0                 0.0       27.9
PCK Scaling                 7735345        0                0             0            0                   0                0        0                 0   129600   7864945    98.4        0.0                0.0             0.0            0.0                   0.0                0.0        0.0                 0.0        1.6
Hydrate in Production Line  1950831  1851095            83107         37378        25063               15753           562128   191900             41380    50400   4809035    40.6       38.5                1.7             0.8            0.5                   0.3               11.7        4.0                 0.9        1.0
Hydrate in Service Line     2430172        0                0             0            0                   0                0        0                 0   205200   2635372    92.2        0.0                0.0             0.0            0.0                   0.0                0.0        0.0                 0.0        7.8

Normal-operation samples only (class 0 — what the prediction task learns from), by fault folder and state:
state                          Open  Shut-In  Flushing Gas  Bullheading  Closed With Diesel  Closed With Gas  Restart  Depressurization     total  % Open  % Shut-In  % Flushing Gas  % Bullheading  % Closed With Diesel  % Closed With Gas  % Restart  % Depressurization
fault                                                                                                                                                                                                                                                                      
Normal                      9929031    16570          7374        15032                6461             4314    34090              6911  10019783    99.1        0.2             0.1            0.2                   0.1                0.0        0.3                 0.1
Abrupt BSW Increase          147271        0             0            0                   0                0        0                 0    147271   100.0        0.0             0.0            0.0                   0.0                0.0        0.0                 0.0
Spurious DHSV Closure         87436        0             0            0                   0                0        0                 0     87436   100.0        0.0             0.0            0.0                   0.0                0.0        0.0                 0.0
Rapid Productivity Loss       65931        0             0            0                   0                0        0                 0     65931   100.0        0.0             0.0            0.0                   0.0                0.0        0.0                 0.0
Quick PCK Restriction         36023        0             0            0                   0                0        0                 0     36023   100.0        0.0             0.0            0.0                   0.0                0.0        0.0                 0.0
PCK Scaling                 1034424        0             0            0                   0                0        0                 0   1034424   100.0        0.0             0.0            0.0                   0.0                0.0        0.0                 0.0
Hydrate in Production Line   962297        0             0            0                   0                0        0                 0    962297   100.0        0.0             0.0            0.0                   0.0                0.0        0.0                 0.0
Hydrate in Service Line     2216977        0             0            0                   0                0        0                 0   2216977   100.0        0.0             0.0            0.0                   0.0                0.0        0.0                 0.0

Normal-operation samples only, by well and state:
state     Open  Shut-In  Flushing Gas  Bullheading  Closed With Diesel  Closed With Gas  Restart  Depressurization    total  % Open  % Shut-In  % Flushing Gas  % Bullheading  % Closed With Diesel  % Closed With Gas  % Restart  % Depressurization
well                                                                                                                                                                                                                                                 
1      1743141        0             0            0                   0                0        0                 0  1743141   100.0        0.0             0.0            0.0                   0.0                0.0        0.0                 0.0
2      3680163        0             0            0                   0                0        0                 0  3680163   100.0        0.0             0.0            0.0                   0.0                0.0        0.0                 0.0
3       479573        0             0            0                   0                0        0                 0   479573   100.0        0.0             0.0            0.0                   0.0                0.0        0.0                 0.0
4        91033        0             0            0                   0                0        0                 0    91033   100.0        0.0             0.0            0.0                   0.0                0.0        0.0                 0.0
5       979611        0             0            0                   0                0        0                 0   979611   100.0        0.0             0.0            0.0                   0.0                0.0        0.0                 0.0
6      2138874        0             0            0                   0                0        0                 0  2138874   100.0        0.0             0.0            0.0                   0.0                0.0        0.0                 0.0
7        14370        0             0            0                   0                0        0                 0    14370   100.0        0.0             0.0            0.0                   0.0                0.0        0.0                 0.0
8      1008122        0             0            0                   0                0        0                 0  1008122   100.0        0.0             0.0            0.0                   0.0                0.0        0.0                 0.0
9         3522        0             0            0                   0                0        0                 0     3522   100.0        0.0             0.0            0.0                   0.0                0.0        0.0                 0.0
10      213038        0             0            0                   0                0        0                 0   213038   100.0        0.0             0.0            0.0                   0.0                0.0        0.0                 0.0
11       43575        0             0            0                   0                0        0                 0    43575   100.0        0.0             0.0            0.0                   0.0                0.0        0.0                 0.0
12       11014        0             0            0                   0                0        0                 0    11014   100.0        0.0             0.0            0.0                   0.0                0.0        0.0                 0.0
13        3636        0             0            0                   0                0        0                 0     3636   100.0        0.0             0.0            0.0                   0.0                0.0        0.0                 0.0
14       49748        0             0            0                   0                0        0                 0    49748   100.0        0.0             0.0            0.0                   0.0                0.0        0.0                 0.0
15       20369        0             0            0                   0                0        0                 0    20369   100.0        0.0             0.0            0.0                   0.0                0.0        0.0                 0.0
16       59905        0             0            0                   0                0        0                 0    59905   100.0        0.0             0.0            0.0                   0.0                0.0        0.0                 0.0
19      296287    16570          7374        15032                6461             4314    34090              6911   387039    76.6        4.3             1.9            3.9                   1.7                1.1        8.8                 1.8
20       54160        0             0            0                   0                0        0                 0    54160   100.0        0.0             0.0            0.0                   0.0                0.0        0.0                 0.0
21       44266        0             0            0                   0                0        0                 0    44266   100.0        0.0             0.0            0.0                   0.0                0.0        0.0                 0.0
22      430158        0             0            0                   0                0        0                 0   430158   100.0        0.0             0.0            0.0                   0.0                0.0        0.0                 0.0
23      183884        0             0            0                   0                0        0                 0   183884   100.0        0.0             0.0            0.0                   0.0                0.0        0.0                 0.0
24      324460        0             0            0                   0                0        0                 0   324460   100.0        0.0             0.0            0.0                   0.0                0.0        0.0                 0.0
25       85756        0             0            0                   0                0        0                 0    85756   100.0        0.0             0.0            0.0                   0.0                0.0        0.0                 0.0
26      385738        0             0            0                   0                0        0                 0   385738   100.0        0.0             0.0            0.0                   0.0                0.0        0.0                 0.0
27       49062        0             0            0                   0                0        0                 0    49062   100.0        0.0             0.0            0.0                   0.0                0.0        0.0                 0.0
28       43670        0             0            0                   0                0        0                 0    43670   100.0        0.0             0.0            0.0                   0.0                0.0        0.0                 0.0
29       57204        0             0            0                   0                0        0                 0    57204   100.0        0.0             0.0            0.0                   0.0                0.0        0.0                 0.0
30       31334        0             0            0                   0                0        0                 0    31334   100.0        0.0             0.0            0.0                   0.0                0.0        0.0                 0.0
31       25962        0             0            0                   0                0        0                 0    25962   100.0        0.0             0.0            0.0                   0.0                0.0        0.0                 0.0
32       36163        0             0            0                   0                0        0                 0    36163   100.0        0.0             0.0            0.0                   0.0                0.0        0.0                 0.0
33      147521        0             0            0                   0                0        0                 0   147521   100.0        0.0             0.0            0.0                   0.0                0.0        0.0                 0.0
34      186338        0             0            0                   0                0        0                 0   186338   100.0        0.0             0.0            0.0                   0.0                0.0        0.0                 0.0
35      260181        0             0            0                   0                0        0                 0   260181   100.0        0.0             0.0            0.0                   0.0                0.0        0.0                 0.0
36       17747        0             0            0                   0                0        0                 0    17747   100.0        0.0             0.0            0.0                   0.0                0.0        0.0                 0.0
37       65573        0             0            0                   0                0        0                 0    65573   100.0        0.0             0.0            0.0                   0.0                0.0        0.0                 0.0
38      120511        0             0            0                   0                0        0                 0   120511   100.0        0.0             0.0            0.0                   0.0                0.0        0.0                 0.0
39       59010        0             0            0                   0                0        0                 0    59010   100.0        0.0             0.0            0.0                   0.0                0.0        0.0                 0.0
40       17805        0             0            0                   0                0        0                 0    17805   100.0        0.0             0.0            0.0                   0.0                0.0        0.0                 0.0
41      967375        0             0            0                   0                0        0                 0   967375   100.0        0.0             0.0            0.0                   0.0                0.0        0.0                 0.0
42       49531        0             0            0                   0                0        0                 0    49531   100.0        0.0             0.0            0.0                   0.0                0.0        0.0                 0.0

  wells whose normal-operation samples are not all Open: 19 (76.6 %)
