Sensor distributions audit — 2026-09-17 16:08:33
Per sensor and row: instances, readings, share missing, share exactly zero, share below / above the plausible band (masked by default), and the 1/25/50/75/99th percentiles of the in-band readings in the sensor's stored unit.

====================================================================================================
P-ANULAR [Pa] — band (0.0, 100000000.0)
      row  instances  readings  missing_%  zero_%  below_band_%  above_band_%         p1        p25        p50        p75        p99
   well 1        132   2551509       0.00     0.0         0.000           0.0 11255000.0 12655000.0 14825000.0 14905000.0 18535000.0
   well 2        326   5686528       0.01     0.0         0.000           0.0  7865000.0 11075000.0 11615000.0 12325000.0 18735000.0
   well 3         29    603042       0.62     0.0         0.000           0.0  9515000.0 17315000.0 17505000.0 18375000.0 18465000.0
   well 4         58    609987       0.15     0.0         0.000           0.0  1975000.0  2015000.0  2035000.0  7155000.0 13465000.0
   well 5        119   1679536       0.00     0.0         0.000           0.0   695000.0 19705000.0 20515000.0 22625000.0 22765000.0
   well 6        117   2834639       0.01     0.0         0.000           0.0 10995000.0 18055000.0 20705000.0 21215000.0 21345000.0
   well 7         12    129221     100.00     0.0         0.000           0.0        NaN        NaN        NaN        NaN        NaN
   well 8         57   1213322     100.00     0.0         0.000           0.0        NaN        NaN        NaN        NaN        NaN
   well 9          1     10338       0.00     0.0         0.000           0.0 13525000.0 13745000.0 13775000.0 13775000.0 13785000.0
  well 10         89   1129563     100.00     0.0         0.000           0.0        NaN        NaN        NaN        NaN        NaN
  well 11         13    159724       1.43     0.0         0.000           0.0  6025000.0  6295000.0 14155000.0 14635000.0 16065000.0
  well 12          2     21092       0.00     0.0         0.000           0.0 19375000.0 19685000.0 19685000.0 19945000.0 19945000.0
  well 13          1     13818       0.00     0.0         0.000           0.0 11475000.0 11825000.0 12965000.0 12995000.0 13015000.0
  well 14         55   1018238       0.20     0.0         0.000           0.0 19495000.0 22945000.0 23195000.0 23385000.0 23795000.0
  well 15          2     37410       0.00     0.0         0.000           0.0 16335000.0 20965000.0 21105000.0 21525000.0 21755000.0
  well 16          7    110156       0.00     0.0         0.000           0.0 18525000.0 20205000.0 21315000.0 21735000.0 22155000.0
  well 19          5   1123375     100.00     0.0         0.000           0.0        NaN        NaN        NaN        NaN        NaN
  well 20          7    386845       0.29     0.0         0.000           0.0  7665000.0  9235000.0 10915000.0 16065000.0 19775000.0
  well 21          2     94988       0.00     0.0         0.000           0.0 17785000.0 17845000.0 20875000.0 20935000.0 21045000.0
  well 22          8   3103175       0.00     0.0         0.000           0.0  8735000.0  8875000.0  9045000.0  9185000.0  9845000.0
  well 23          4   1560830     100.00     0.0         0.000           0.0        NaN        NaN        NaN        NaN        NaN
  well 24         19   2780702       5.59     0.0         0.000           0.0 23515000.0 24455000.0 25045000.0 25265000.0 26235000.0
  well 25          1    722192       0.17     0.0         0.000           0.0 16135000.0 21475000.0 21855000.0 22175000.0 25775000.0
  well 26          3   1295403       0.00     0.0         0.000           0.0  7025000.0  7935000.0  8005000.0  8455000.0  8795000.0
  well 27          1    680420     100.00     0.0         0.000           0.0        NaN        NaN        NaN        NaN        NaN
  well 28          1    325379       0.10     0.0        98.789           0.0     5000.0   145000.0   315000.0   665000.0  2145000.0
  well 29          1    147226       0.03     0.0         0.000           0.0   335000.0   405000.0 18575000.0 19925000.0 19965000.0
  well 30          1    161538       0.00     0.0         0.000           0.0   295000.0 18195000.0 18235000.0 19335000.0 25775000.0
  well 31          1    362531     100.00     0.0         0.000           0.0        NaN        NaN        NaN        NaN        NaN
  well 32          1    134202     100.00     0.0         0.000           0.0        NaN        NaN        NaN        NaN        NaN
  well 33          6    169121     100.00     0.0         0.000           0.0        NaN        NaN        NaN        NaN        NaN
  well 34          6    207938     100.00     0.0         0.000           0.0        NaN        NaN        NaN        NaN        NaN
  well 35          6    281781     100.00     0.0         0.000           0.0        NaN        NaN        NaN        NaN        NaN
  well 36          3     28547     100.00     0.0         0.000           0.0        NaN        NaN        NaN        NaN        NaN
  well 37          4     94815     100.00     0.0         0.000           0.0        NaN        NaN        NaN        NaN        NaN
  well 38          2    127711     100.00     0.0         0.000           0.0        NaN        NaN        NaN        NaN        NaN
  well 39          2     66210       0.00     0.0       100.000           0.0        NaN        NaN        NaN        NaN        NaN
  well 40          1     34417       0.00     0.0         0.000           0.0 19475000.0 20025000.0 20375000.0 20475000.0 20625000.0
  well 41          9   1011533       0.01     0.0         0.000           0.0 20865000.0 21605000.0 21695000.0 21765000.0 22005000.0
  well 42          5    163248       0.00     0.0         0.000           0.0 18355000.0 18525000.0 18825000.0 19295000.0 20295000.0
simulated       1089  40748658     100.00     0.0         0.000           0.0        NaN        NaN        NaN        NaN        NaN
    drawn         20   2966410     100.00     0.0         0.000           0.0        NaN        NaN        NaN        NaN        NaN

====================================================================================================
P-JUS-BS [Pa] — band (0.0, 100000000.0)
      row  instances  readings  missing_%  zero_%  below_band_%  above_band_%   p1  p25  p50  p75  p99
   well 1        132   2551509      100.0     0.0           0.0           0.0 None None None None None
   well 2        326   5686528      100.0     0.0           0.0           0.0 None None None None None
   well 3         29    603042      100.0     0.0           0.0           0.0 None None None None None
   well 4         58    609987      100.0     0.0           0.0           0.0 None None None None None
   well 5        119   1679536      100.0     0.0           0.0           0.0 None None None None None
   well 6        117   2834639      100.0     0.0           0.0           0.0 None None None None None
   well 7         12    129221      100.0     0.0           0.0           0.0 None None None None None
   well 8         57   1213322      100.0     0.0           0.0           0.0 None None None None None
   well 9          1     10338      100.0     0.0           0.0           0.0 None None None None None
  well 10         89   1129563      100.0     0.0           0.0           0.0 None None None None None
  well 11         13    159724      100.0     0.0           0.0           0.0 None None None None None
  well 12          2     21092      100.0     0.0           0.0           0.0 None None None None None
  well 13          1     13818      100.0     0.0           0.0           0.0 None None None None None
  well 14         55   1018238      100.0     0.0           0.0           0.0 None None None None None
  well 15          2     37410      100.0     0.0           0.0           0.0 None None None None None
  well 16          7    110156      100.0     0.0           0.0           0.0 None None None None None
  well 19          5   1123375      100.0     0.0           0.0           0.0 None None None None None
  well 20          7    386845      100.0     0.0           0.0           0.0 None None None None None
  well 21          2     94988      100.0     0.0           0.0           0.0 None None None None None
  well 22          8   3103175      100.0     0.0           0.0           0.0 None None None None None
  well 23          4   1560830      100.0     0.0           0.0           0.0 None None None None None
  well 24         19   2780702      100.0     0.0           0.0           0.0 None None None None None
  well 25          1    722192      100.0     0.0           0.0           0.0 None None None None None
  well 26          3   1295403      100.0     0.0           0.0           0.0 None None None None None
  well 27          1    680420      100.0     0.0           0.0           0.0 None None None None None
  well 28          1    325379      100.0     0.0           0.0           0.0 None None None None None
  well 29          1    147226      100.0     0.0           0.0           0.0 None None None None None
  well 30          1    161538      100.0     0.0           0.0           0.0 None None None None None
  well 31          1    362531      100.0     0.0           0.0           0.0 None None None None None
  well 32          1    134202      100.0     0.0           0.0           0.0 None None None None None
  well 33          6    169121      100.0     0.0           0.0           0.0 None None None None None
  well 34          6    207938      100.0     0.0           0.0           0.0 None None None None None
  well 35          6    281781      100.0     0.0           0.0           0.0 None None None None None
  well 36          3     28547      100.0     0.0           0.0           0.0 None None None None None
  well 37          4     94815      100.0     0.0           0.0           0.0 None None None None None
  well 38          2    127711      100.0     0.0           0.0           0.0 None None None None None
  well 39          2     66210      100.0     0.0           0.0           0.0 None None None None None
  well 40          1     34417      100.0     0.0           0.0           0.0 None None None None None
  well 41          9   1011533      100.0     0.0           0.0           0.0 None None None None None
  well 42          5    163248      100.0     0.0           0.0           0.0 None None None None None
simulated       1089  40748658      100.0     0.0           0.0           0.0 None None None None None
    drawn         20   2966410      100.0     0.0           0.0           0.0 None None None None None

====================================================================================================
P-JUS-CKGL [Pa] — band (0.0, 100000000.0)
      row  instances  readings  missing_%  zero_%  below_band_%  above_band_%         p1        p25        p50        p75        p99
   well 1        132   2551509       0.00     0.0        24.143         0.000  1565000.0  3045000.0  3135000.0  3365000.0  3465000.0
   well 2        326   5686528     100.00     0.0         0.000         0.000        NaN        NaN        NaN        NaN        NaN
   well 3         29    603042     100.00     0.0         0.000         0.000        NaN        NaN        NaN        NaN        NaN
   well 4         58    609987     100.00     0.0         0.000         0.000        NaN        NaN        NaN        NaN        NaN
   well 5        119   1679536       0.00     0.0         0.140         0.000     5000.0 12865000.0 13265000.0 20175000.0 20855000.0
   well 6        117   2834639       0.01     0.0        22.775         0.000   125000.0   145000.0  1295000.0  3685000.0  7565000.0
   well 7         12    129221       0.00     0.0         0.000         0.000 16085000.0 19905000.0 20035000.0 20135000.0 20275000.0
   well 8         57   1213322       0.00     0.0         0.001         0.000    25000.0    45000.0  2215000.0  4305000.0  4615000.0
   well 9          1     10338       0.00     0.0         0.000         0.000  2215000.0  2225000.0  2225000.0  2225000.0  2225000.0
  well 10         89   1129563       0.03     0.0         0.000         0.000 16595000.0 17415000.0 17465000.0 17585000.0 18435000.0
  well 11         13    159724     100.00     0.0         0.000         0.000        NaN        NaN        NaN        NaN        NaN
  well 12          2     21092     100.00     0.0         0.000         0.000        NaN        NaN        NaN        NaN        NaN
  well 13          1     13818     100.00     0.0         0.000         0.000        NaN        NaN        NaN        NaN        NaN
  well 14         55   1018238       0.23     0.0         0.000         0.000 17695000.0 19375000.0 19615000.0 19825000.0 20185000.0
  well 15          2     37410       0.00     0.0         0.000         0.000 13035000.0 17345000.0 17565000.0 18215000.0 18445000.0
  well 16          7    110156       0.00     0.0         0.000         0.000 16265000.0 17685000.0 19025000.0 19555000.0 19985000.0
  well 19          5   1123375       0.01     0.0         1.365         0.000   165000.0  2225000.0 14705000.0 15905000.0 17795000.0
  well 20          7    386845       0.29     0.0         0.000         0.000  2125000.0 16565000.0 16575000.0 16615000.0 16655000.0
  well 21          2     94988       0.00     0.0         0.000         0.000  7925000.0  8035000.0  8755000.0  9205000.0 10125000.0
  well 22          8   3103175       0.00     0.0         0.000         0.000   385000.0   825000.0 18355000.0 19145000.0 20065000.0
  well 23          4   1560830       0.00     0.0         0.000         0.000    15000.0    95000.0 16425000.0 17515000.0 19365000.0
  well 24         19   2780702       0.02     0.0         0.000         0.000 10775000.0 11465000.0 11885000.0 12305000.0 18165000.0
  well 25          1    722192     100.00     0.0         0.000         0.000        NaN        NaN        NaN        NaN        NaN
  well 26          3   1295403       0.00     0.0         0.000         0.000 12275000.0 13635000.0 13755000.0 14795000.0 15495000.0
  well 27          1    680420       0.00     0.0         2.911         0.000    75000.0   195000.0   205000.0  5875000.0 17075000.0
  well 28          1    325379       0.10     0.0         0.000         0.000    35000.0  6375000.0 14705000.0 15125000.0 17735000.0
  well 29          1    147226       0.03     0.0         0.000         0.000  4515000.0 15715000.0 17785000.0 17835000.0 18615000.0
  well 30          1    161538       0.00     0.0         0.000         0.000    75000.0    85000.0  3015000.0 15835000.0 18885000.0
  well 31          1    362531       0.00     0.0         0.000         0.000    55000.0  3835000.0 12035000.0 16425000.0 17375000.0
  well 32          1    134202       0.00     0.0         0.000         0.000     5000.0   465000.0 13395000.0 15495000.0 17235000.0
  well 33          6    169121       0.00     0.0         0.000         0.000 16815000.0 17205000.0 17805000.0 17865000.0 17985000.0
  well 34          6    207938       0.00     0.0         0.000         0.000 14595000.0 16715000.0 16775000.0 16825000.0 17405000.0
  well 35          6    281781       0.00     0.0         0.000         0.000 15565000.0 15695000.0 16925000.0 17005000.0 17405000.0
  well 36          3     28547       0.00     0.0         0.000         0.000 15905000.0 17125000.0 17145000.0 17515000.0 17545000.0
  well 37          4     94815       0.00     0.0         0.000         0.000 16165000.0 19035000.0 19415000.0 19505000.0 19795000.0
  well 38          2    127711       0.00     0.0         0.000         0.000 14675000.0 16605000.0 17135000.0 17205000.0 17805000.0
  well 39          2     66210       0.00     0.0         0.000         0.000 15035000.0 18315000.0 18465000.0 18665000.0 19255000.0
  well 40          1     34417       0.00     0.0         0.000         0.000 19015000.0 19475000.0 19515000.0 19555000.0 19705000.0
  well 41          9   1011533       0.01     0.0         0.000         0.000 18845000.0 19435000.0 19515000.0 19565000.0 19785000.0
  well 42          5    163248       0.00     0.0         0.000         0.000 16675000.0 16995000.0 17165000.0 17485000.0 18745000.0
simulated       1089  40748658      83.20     0.0         0.000         0.009 19495000.0 31085000.0 34995000.0 39995000.0 44995000.0
    drawn         20   2966410     100.00     0.0         0.000         0.000        NaN        NaN        NaN        NaN        NaN

====================================================================================================
P-JUS-CKP [Pa] — band (0.0, 100000000.0)
      row  instances  readings  missing_%  zero_%  below_band_%  above_band_%        p1       p25       p50       p75        p99
   well 1        132   2551509     100.00     0.0         0.000           0.0       NaN       NaN       NaN       NaN        NaN
   well 2        326   5686528     100.00     0.0         0.000           0.0       NaN       NaN       NaN       NaN        NaN
   well 3         29    603042     100.00     0.0         0.000           0.0       NaN       NaN       NaN       NaN        NaN
   well 4         58    609987     100.00     0.0         0.000           0.0       NaN       NaN       NaN       NaN        NaN
   well 5        119   1679536     100.00     0.0         0.000           0.0       NaN       NaN       NaN       NaN        NaN
   well 6        117   2834639     100.00     0.0         0.000           0.0       NaN       NaN       NaN       NaN        NaN
   well 7         12    129221     100.00     0.0         0.000           0.0       NaN       NaN       NaN       NaN        NaN
   well 8         57   1213322     100.00     0.0         0.000           0.0       NaN       NaN       NaN       NaN        NaN
   well 9          1     10338     100.00     0.0         0.000           0.0       NaN       NaN       NaN       NaN        NaN
  well 10         89   1129563     100.00     0.0         0.000           0.0       NaN       NaN       NaN       NaN        NaN
  well 11         13    159724     100.00     0.0         0.000           0.0       NaN       NaN       NaN       NaN        NaN
  well 12          2     21092     100.00     0.0         0.000           0.0       NaN       NaN       NaN       NaN        NaN
  well 13          1     13818     100.00     0.0         0.000           0.0       NaN       NaN       NaN       NaN        NaN
  well 14         55   1018238     100.00     0.0         0.000           0.0       NaN       NaN       NaN       NaN        NaN
  well 15          2     37410     100.00     0.0         0.000           0.0       NaN       NaN       NaN       NaN        NaN
  well 16          7    110156     100.00     0.0         0.000           0.0       NaN       NaN       NaN       NaN        NaN
  well 19          5   1123375       0.01     0.0         4.446           0.0   35000.0  915000.0 1145000.0 1465000.0  2475000.0
  well 20          7    386845     100.00     0.0         0.000           0.0       NaN       NaN       NaN       NaN        NaN
  well 21          2     94988     100.00     0.0         0.000           0.0       NaN       NaN       NaN       NaN        NaN
  well 22          8   3103175     100.00     0.0         0.000           0.0       NaN       NaN       NaN       NaN        NaN
  well 23          4   1560830     100.00     0.0         0.000           0.0       NaN       NaN       NaN       NaN        NaN
  well 24         19   2780702     100.00     0.0         0.000           0.0       NaN       NaN       NaN       NaN        NaN
  well 25          1    722192       0.10     0.0         0.008           0.0 1725000.0 1775000.0 1785000.0 1825000.0  2095000.0
  well 26          3   1295403       0.00     0.0         0.000         100.0       NaN       NaN       NaN       NaN        NaN
  well 27          1    680420     100.00     0.0         0.000           0.0       NaN       NaN       NaN       NaN        NaN
  well 28          1    325379     100.00     0.0         0.000           0.0       NaN       NaN       NaN       NaN        NaN
  well 29          1    147226       0.03     0.0         0.000           0.0   25000.0  285000.0 1005000.0 1355000.0  1385000.0
  well 30          1    161538       0.00     0.0       100.000           0.0       NaN       NaN       NaN       NaN        NaN
  well 31          1    362531     100.00     0.0         0.000           0.0       NaN       NaN       NaN       NaN        NaN
  well 32          1    134202     100.00     0.0         0.000           0.0       NaN       NaN       NaN       NaN        NaN
  well 33          6    169121     100.00     0.0         0.000           0.0       NaN       NaN       NaN       NaN        NaN
  well 34          6    207938     100.00     0.0         0.000           0.0       NaN       NaN       NaN       NaN        NaN
  well 35          6    281781     100.00     0.0         0.000           0.0       NaN       NaN       NaN       NaN        NaN
  well 36          3     28547     100.00     0.0         0.000           0.0       NaN       NaN       NaN       NaN        NaN
  well 37          4     94815     100.00     0.0         0.000           0.0       NaN       NaN       NaN       NaN        NaN
  well 38          2    127711     100.00     0.0         0.000           0.0       NaN       NaN       NaN       NaN        NaN
  well 39          2     66210     100.00     0.0         0.000           0.0       NaN       NaN       NaN       NaN        NaN
  well 40          1     34417     100.00     0.0         0.000           0.0       NaN       NaN       NaN       NaN        NaN
  well 41          9   1011533     100.00     0.0         0.000           0.0       NaN       NaN       NaN       NaN        NaN
  well 42          5    163248     100.00     0.0         0.000           0.0       NaN       NaN       NaN       NaN        NaN
simulated       1089  40748658      54.19     0.0         0.000           0.0 1005000.0 1085000.0 1115000.0 1185000.0 10035000.0
    drawn         20   2966410     100.00     0.0         0.000           0.0       NaN       NaN       NaN       NaN        NaN

====================================================================================================
P-MON-CKGL [Pa] — band (0.0, 100000000.0)
      row  instances  readings  missing_%  zero_%  below_band_%  above_band_%       p1       p25        p50        p75        p99
   well 1        132   2551509     100.00    0.00         0.000           0.0      NaN       NaN        NaN        NaN        NaN
   well 2        326   5686528     100.00    0.00         0.000           0.0      NaN       NaN        NaN        NaN        NaN
   well 3         29    603042     100.00    0.00         0.000           0.0      NaN       NaN        NaN        NaN        NaN
   well 4         58    609987     100.00    0.00         0.000           0.0      NaN       NaN        NaN        NaN        NaN
   well 5        119   1679536     100.00    0.00         0.000           0.0      NaN       NaN        NaN        NaN        NaN
   well 6        117   2834639     100.00    0.00         0.000           0.0      NaN       NaN        NaN        NaN        NaN
   well 7         12    129221     100.00    0.00         0.000           0.0      NaN       NaN        NaN        NaN        NaN
   well 8         57   1213322     100.00    0.00         0.000           0.0      NaN       NaN        NaN        NaN        NaN
   well 9          1     10338     100.00    0.00         0.000           0.0      NaN       NaN        NaN        NaN        NaN
  well 10         89   1129563     100.00    0.00         0.000           0.0      NaN       NaN        NaN        NaN        NaN
  well 11         13    159724     100.00    0.00         0.000           0.0      NaN       NaN        NaN        NaN        NaN
  well 12          2     21092     100.00    0.00         0.000           0.0      NaN       NaN        NaN        NaN        NaN
  well 13          1     13818     100.00    0.00         0.000           0.0      NaN       NaN        NaN        NaN        NaN
  well 14         55   1018238     100.00    0.00         0.000           0.0      NaN       NaN        NaN        NaN        NaN
  well 15          2     37410     100.00    0.00         0.000           0.0      NaN       NaN        NaN        NaN        NaN
  well 16          7    110156     100.00    0.00         0.000           0.0      NaN       NaN        NaN        NaN        NaN
  well 19          5   1123375     100.00    0.00         0.000           0.0      NaN       NaN        NaN        NaN        NaN
  well 20          7    386845     100.00    0.00         0.000           0.0      NaN       NaN        NaN        NaN        NaN
  well 21          2     94988     100.00    0.00         0.000           0.0      NaN       NaN        NaN        NaN        NaN
  well 22          8   3103175     100.00    0.00         0.000           0.0      NaN       NaN        NaN        NaN        NaN
  well 23          4   1560830     100.00    0.00         0.000           0.0      NaN       NaN        NaN        NaN        NaN
  well 24         19   2780702     100.00    0.00         0.000           0.0      NaN       NaN        NaN        NaN        NaN
  well 25          1    722192     100.00    0.00         0.000           0.0      NaN       NaN        NaN        NaN        NaN
  well 26          3   1295403     100.00    0.00         0.000           0.0      NaN       NaN        NaN        NaN        NaN
  well 27          1    680420     100.00    0.00         0.000           0.0      NaN       NaN        NaN        NaN        NaN
  well 28          1    325379     100.00    0.00         0.000           0.0      NaN       NaN        NaN        NaN        NaN
  well 29          1    147226       0.03    0.00         0.000           0.0 115000.0 3665000.0 17055000.0 17295000.0 18105000.0
  well 30          1    161538       0.00   21.15         3.963           0.0   5000.0    5000.0  8575000.0 15985000.0 18985000.0
  well 31          1    362531     100.00    0.00         0.000           0.0      NaN       NaN        NaN        NaN        NaN
  well 32          1    134202     100.00    0.00         0.000           0.0      NaN       NaN        NaN        NaN        NaN
  well 33          6    169121     100.00    0.00         0.000           0.0      NaN       NaN        NaN        NaN        NaN
  well 34          6    207938     100.00    0.00         0.000           0.0      NaN       NaN        NaN        NaN        NaN
  well 35          6    281781     100.00    0.00         0.000           0.0      NaN       NaN        NaN        NaN        NaN
  well 36          3     28547     100.00    0.00         0.000           0.0      NaN       NaN        NaN        NaN        NaN
  well 37          4     94815     100.00    0.00         0.000           0.0      NaN       NaN        NaN        NaN        NaN
  well 38          2    127711     100.00    0.00         0.000           0.0      NaN       NaN        NaN        NaN        NaN
  well 39          2     66210     100.00    0.00         0.000           0.0      NaN       NaN        NaN        NaN        NaN
  well 40          1     34417     100.00    0.00         0.000           0.0      NaN       NaN        NaN        NaN        NaN
  well 41          9   1011533     100.00    0.00         0.000           0.0      NaN       NaN        NaN        NaN        NaN
  well 42          5    163248     100.00    0.00         0.000           0.0      NaN       NaN        NaN        NaN        NaN
simulated       1089  40748658     100.00    0.00         0.000           0.0      NaN       NaN        NaN        NaN        NaN
    drawn         20   2966410     100.00    0.00         0.000           0.0      NaN       NaN        NaN        NaN        NaN

====================================================================================================
P-MON-CKP [Pa] — band (0.0, 100000000.0)
      row  instances  readings  missing_%  zero_%  below_band_%  above_band_%         p1        p25        p50        p75        p99
   well 1        132   2551509       0.00     0.0         0.000           0.0  1185000.0  1745000.0  6025000.0  6115000.0  9395000.0
   well 2        326   5686528     100.00     0.0         0.000           0.0        NaN        NaN        NaN        NaN        NaN
   well 3         29    603042       0.07     0.0         0.000           0.0   835000.0  8135000.0  8185000.0  8485000.0  8915000.0
   well 4         58    609987       0.00     0.0         0.000           0.0  5255000.0  8415000.0  9535000.0  9655000.0  9825000.0
   well 5        119   1679536       0.00     0.0         0.000           0.0 11285000.0 11525000.0 11715000.0 11805000.0 11985000.0
   well 6        117   2834639       0.01     0.0         0.000           0.0  2455000.0  2495000.0 12205000.0 12265000.0 12695000.0
   well 7         12    129221       0.00     0.0         0.000           0.0  3345000.0  3825000.0  4005000.0  4105000.0  4295000.0
   well 8         57   1213322     100.00     0.0         0.000           0.0        NaN        NaN        NaN        NaN        NaN
   well 9          1     10338       0.00     0.0         0.000           0.0  2525000.0  4985000.0  6095000.0  6135000.0  6185000.0
  well 10         89   1129563       0.02     0.0         0.000           0.0  4015000.0  5485000.0  5985000.0  6215000.0  6435000.0
  well 11         13    159724     100.00     0.0         0.000           0.0        NaN        NaN        NaN        NaN        NaN
  well 12          2     21092       0.00     0.0         0.000           0.0  7385000.0 10345000.0 10355000.0 11025000.0 11155000.0
  well 13          1     13818     100.00     0.0         0.000           0.0        NaN        NaN        NaN        NaN        NaN
  well 14         55   1018238       0.22     0.0         0.000           0.0  1165000.0  1445000.0  2255000.0  2795000.0  6695000.0
  well 15          2     37410       0.00     0.0         0.000           0.0   945000.0  2805000.0  3645000.0  4605000.0  5065000.0
  well 16          7    110156       0.00     0.0         0.000           0.0   415000.0   855000.0  1245000.0  4655000.0  8705000.0
  well 19          5   1123375       0.01     0.0         0.738           0.0    35000.0   835000.0  1395000.0  2345000.0  8035000.0
  well 20          7    386845       0.29     0.0         0.000           0.0  1305000.0  2705000.0  3705000.0  5555000.0  7785000.0
  well 21          2     94988       0.00     0.0         0.000           0.0  1355000.0  1445000.0  1535000.0  2145000.0  2195000.0
  well 22          8   3103175       0.00     0.0         0.000           0.0  3415000.0  3765000.0  3915000.0  4095000.0  4395000.0
  well 23          4   1560830       0.00     0.0         0.000           0.0  3995000.0  4075000.0  4135000.0  4205000.0  4345000.0
  well 24         19   2780702       0.02     0.0         0.000           0.0  1525000.0  2365000.0  2735000.0  3135000.0  3935000.0
  well 25          1    722192       0.10     0.0         0.010           0.0  1795000.0  9375000.0  9395000.0  9465000.0 18475000.0
  well 26          3   1295403       0.00     0.0         0.000           0.0   585000.0   715000.0   765000.0   825000.0   975000.0
  well 27          1    680420       0.00     0.0         0.323           0.0    65000.0   345000.0   735000.0   865000.0  2375000.0
  well 28          1    325379       0.10     0.0         0.000           0.0    35000.0    65000.0  1015000.0  1765000.0 11455000.0
  well 29          1    147226       0.03     0.0         1.309           0.0    75000.0   535000.0  2075000.0  2105000.0 11425000.0
  well 30          1    161538       0.00     0.0         0.000           0.0   625000.0   865000.0   875000.0  1755000.0  4575000.0
  well 31          1    362531       0.00     0.0         0.000           0.0    95000.0   935000.0  1055000.0  1205000.0  1385000.0
  well 32          1    134202       0.00     0.0         0.000           0.0   425000.0   815000.0  1425000.0  1775000.0  6935000.0
  well 33          6    169121       0.00     0.0         0.000           0.0  1535000.0  1965000.0  3105000.0  4225000.0  6985000.0
  well 34          6    207938       0.00     0.0         0.000           0.0   815000.0  1245000.0  1335000.0  1445000.0  5525000.0
  well 35          6    281781       0.00     0.0         0.000           0.0   715000.0  1465000.0  1885000.0  2575000.0  4185000.0
  well 36          3     28547       0.00     0.0         0.000           0.0  1395000.0  2235000.0  3025000.0  3195000.0  3365000.0
  well 37          4     94815       0.00     0.0         0.000           0.0   825000.0  1425000.0  1685000.0  2435000.0  5355000.0
  well 38          2    127711       0.00     0.0         0.000           0.0  1405000.0  1785000.0  2405000.0  3065000.0  7395000.0
  well 39          2     66210       0.00     0.0         0.000           0.0   805000.0  2085000.0  2135000.0  2195000.0  8805000.0
  well 40          1     34417       0.00     0.0         0.000           0.0  1965000.0  2365000.0  2525000.0  2645000.0  2895000.0
  well 41          9   1011533       0.01     0.0         0.000           0.0  1285000.0  1435000.0  1455000.0  1465000.0  5265000.0
  well 42          5    163248       0.00     0.0         0.000           0.0  1685000.0  2085000.0  2175000.0  2355000.0  2635000.0
simulated       1089  40748658       0.00     0.0         0.000           0.0   545000.0  1115000.0  1355000.0  4045000.0 11405000.0
    drawn         20   2966410       0.00     0.0         0.000           0.0     5000.0     5000.0     5000.0     5000.0     5000.0

====================================================================================================
P-MON-SDV-P [Pa] — band (0.0, 100000000.0)
      row  instances  readings  missing_%  zero_%  below_band_%  above_band_%   p1  p25  p50  p75  p99
   well 1        132   2551509      100.0     0.0           0.0           0.0 None None None None None
   well 2        326   5686528      100.0     0.0           0.0           0.0 None None None None None
   well 3         29    603042      100.0     0.0           0.0           0.0 None None None None None
   well 4         58    609987      100.0     0.0           0.0           0.0 None None None None None
   well 5        119   1679536      100.0     0.0           0.0           0.0 None None None None None
   well 6        117   2834639      100.0     0.0           0.0           0.0 None None None None None
   well 7         12    129221      100.0     0.0           0.0           0.0 None None None None None
   well 8         57   1213322      100.0     0.0           0.0           0.0 None None None None None
   well 9          1     10338      100.0     0.0           0.0           0.0 None None None None None
  well 10         89   1129563      100.0     0.0           0.0           0.0 None None None None None
  well 11         13    159724      100.0     0.0           0.0           0.0 None None None None None
  well 12          2     21092      100.0     0.0           0.0           0.0 None None None None None
  well 13          1     13818      100.0     0.0           0.0           0.0 None None None None None
  well 14         55   1018238      100.0     0.0           0.0           0.0 None None None None None
  well 15          2     37410      100.0     0.0           0.0           0.0 None None None None None
  well 16          7    110156      100.0     0.0           0.0           0.0 None None None None None
  well 19          5   1123375      100.0     0.0           0.0           0.0 None None None None None
  well 20          7    386845      100.0     0.0           0.0           0.0 None None None None None
  well 21          2     94988      100.0     0.0           0.0           0.0 None None None None None
  well 22          8   3103175      100.0     0.0           0.0           0.0 None None None None None
  well 23          4   1560830      100.0     0.0           0.0           0.0 None None None None None
  well 24         19   2780702      100.0     0.0           0.0           0.0 None None None None None
  well 25          1    722192      100.0     0.0           0.0           0.0 None None None None None
  well 26          3   1295403      100.0     0.0           0.0           0.0 None None None None None
  well 27          1    680420      100.0     0.0           0.0           0.0 None None None None None
  well 28          1    325379      100.0     0.0           0.0           0.0 None None None None None
  well 29          1    147226      100.0     0.0           0.0           0.0 None None None None None
  well 30          1    161538      100.0     0.0           0.0           0.0 None None None None None
  well 31          1    362531      100.0     0.0           0.0           0.0 None None None None None
  well 32          1    134202      100.0     0.0           0.0           0.0 None None None None None
  well 33          6    169121      100.0     0.0           0.0           0.0 None None None None None
  well 34          6    207938      100.0     0.0           0.0           0.0 None None None None None
  well 35          6    281781      100.0     0.0           0.0           0.0 None None None None None
  well 36          3     28547      100.0     0.0           0.0           0.0 None None None None None
  well 37          4     94815      100.0     0.0           0.0           0.0 None None None None None
  well 38          2    127711      100.0     0.0           0.0           0.0 None None None None None
  well 39          2     66210      100.0     0.0           0.0           0.0 None None None None None
  well 40          1     34417      100.0     0.0           0.0           0.0 None None None None None
  well 41          9   1011533      100.0     0.0           0.0           0.0 None None None None None
  well 42          5    163248      100.0     0.0           0.0           0.0 None None None None None
simulated       1089  40748658      100.0     0.0           0.0           0.0 None None None None None
    drawn         20   2966410      100.0     0.0           0.0           0.0 None None None None None

====================================================================================================
P-PDG [Pa] — band (0.0, 100000000.0)
      row  instances  readings  missing_%  zero_%  below_band_%  above_band_%         p1        p25        p50        p75        p99
   well 1        132   2551509       0.00   71.41        22.429           0.0     5000.0     5000.0     5000.0     5000.0 38265000.0
   well 2        326   5686528       0.01   99.41         0.196           0.0     5000.0     5000.0     5000.0     5000.0     5000.0
   well 3         29    603042       0.62    0.00         0.000           0.0 31245000.0 31345000.0 31535000.0 31775000.0 34515000.0
   well 4         58    609987       0.06   99.94         0.000           0.0     5000.0     5000.0     5000.0     5000.0     5000.0
   well 5        119   1679536     100.00    0.00         0.000           0.0        NaN        NaN        NaN        NaN        NaN
   well 6        117   2834639       0.01   22.79        10.784           0.0     5000.0     5000.0 44855000.0 44855000.0 44855000.0
   well 7         12    129221       0.00    0.00         0.000           0.0 20745000.0 20795000.0 20875000.0 20955000.0 22455000.0
   well 8         57   1213322     100.00    0.00         0.000           0.0        NaN        NaN        NaN        NaN        NaN
   well 9          1     10338       0.00  100.00         0.000           0.0     5000.0     5000.0     5000.0     5000.0     5000.0
  well 10         89   1129563     100.00    0.00         0.000           0.0        NaN        NaN        NaN        NaN        NaN
  well 11         13    159724       0.00   14.66         0.000           0.0     5000.0 36985000.0 37525000.0 38195000.0 38605000.0
  well 12          2     21092       0.00    0.00         0.000           0.0 35205000.0 35205000.0 35305000.0 35335000.0 35665000.0
  well 13          1     13818       0.00  100.00         0.000           0.0     5000.0     5000.0     5000.0     5000.0     5000.0
  well 14         55   1018238       0.20    0.00         0.000           0.0 22295000.0 23395000.0 23575000.0 24245000.0 24535000.0
  well 15          2     37410       0.00    0.00         0.000           0.0 24665000.0 24665000.0 25015000.0 25025000.0 25105000.0
  well 16          7    110156       0.00    0.00         0.000           0.0 23225000.0 24245000.0 24495000.0 24845000.0 25105000.0
  well 19          5   1123375       0.01    0.00         0.000           0.0     5000.0  9235000.0 14135000.0 16505000.0 19455000.0
  well 20          7    386845       0.29    0.00         0.000           0.0 19725000.0 32305000.0 32305000.0 32305000.0 32305000.0
  well 21          2     94988       0.00  100.00         0.000           0.0     5000.0     5000.0     5000.0     5000.0     5000.0
  well 22          8   3103175       0.00  100.00         0.000           0.0     5000.0     5000.0     5000.0     5000.0     5000.0
  well 23          4   1560830     100.00    0.00         0.000           0.0        NaN        NaN        NaN        NaN        NaN
  well 24         19   2780702      20.85   79.15         0.000           0.0     5000.0     5000.0     5000.0     5000.0     5000.0
  well 25          1    722192       0.16    0.00         0.000           0.0 31345000.0 48435000.0 48915000.0 49035000.0 49095000.0
  well 26          3   1295403       0.00    0.00         0.000           0.0 14385000.0 14755000.0 14985000.0 15075000.0 15435000.0
  well 27          1    680420     100.00    0.00         0.000           0.0        NaN        NaN        NaN        NaN        NaN
  well 28          1    325379       0.10    4.13        95.766           0.0     5000.0     5000.0     5000.0     5000.0     5000.0
  well 29          1    147226       0.03    0.00         0.000           0.0 24245000.0 24245000.0 26535000.0 27085000.0 27125000.0
  well 30          1    161538       0.00    0.00         0.000           0.0 21445000.0 22345000.0 24605000.0 25075000.0 25215000.0
  well 31          1    362531     100.00    0.00         0.000           0.0        NaN        NaN        NaN        NaN        NaN
  well 32          1    134202       0.00    0.00         0.000           0.0 12255000.0 12255000.0 12255000.0 12255000.0 12255000.0
  well 33          6    169121     100.00    0.00         0.000           0.0        NaN        NaN        NaN        NaN        NaN
  well 34          6    207938     100.00    0.00         0.000           0.0        NaN        NaN        NaN        NaN        NaN
  well 35          6    281781     100.00    0.00         0.000           0.0        NaN        NaN        NaN        NaN        NaN
  well 36          3     28547       0.00    0.00         0.000           0.0 20625000.0 20635000.0 20665000.0 20685000.0 20705000.0
  well 37          4     94815      43.59    0.00         0.000           0.0 18215000.0 18225000.0 18245000.0 19925000.0 20425000.0
  well 38          2    127711       0.00    0.00         0.000           0.0 19815000.0 19875000.0 20275000.0 20535000.0 24005000.0
  well 39          2     66210       0.00  100.00         0.000           0.0     5000.0     5000.0     5000.0     5000.0     5000.0
  well 40          1     34417       0.00  100.00         0.000           0.0     5000.0     5000.0     5000.0     5000.0     5000.0
  well 41          9   1011533       0.01    0.00         0.000           0.0 22465000.0 22665000.0 22745000.0 22755000.0 24725000.0
  well 42          5    163248       0.00    0.00         0.000           0.0 18775000.0 18865000.0 18935000.0 19005000.0 19305000.0
simulated       1089  40748658       0.00    0.00         0.000           0.0  9015000.0 19885000.0 23075000.0 26165000.0 33705000.0
    drawn         20   2966410       0.00    0.00         0.000           0.0     5000.0     5000.0     5000.0     5000.0     5000.0

====================================================================================================
P-TPT [Pa] — band (0.0, 100000000.0)
      row  instances  readings  missing_%  zero_%  below_band_%  above_band_%         p1        p25        p50        p75        p99
   well 1        132   2551509       0.00    0.00         0.000         0.000  9615000.0  9985000.0 14105000.0 14225000.0 18435000.0
   well 2        326   5686528       0.01    0.00         0.000         0.000  7615000.0  8225000.0  8505000.0  9055000.0 16835000.0
   well 3         29    603042       0.62    0.00         0.000         0.000  7255000.0 16655000.0 16705000.0 17025000.0 17545000.0
   well 4         58    609987       0.14    0.00         0.000         0.000 13285000.0 16175000.0 17745000.0 17765000.0 17815000.0
   well 5        119   1679536       0.00    0.00         0.000         0.000 20745000.0 20795000.0 20815000.0 20885000.0 20995000.0
   well 6        117   2834639       0.01    0.00         0.000         0.000 18055000.0 18125000.0 21145000.0 21185000.0 21445000.0
   well 7         12    129221       0.00    0.00         0.000         0.000  9515000.0  9635000.0  9745000.0  9915000.0 13045000.0
   well 8         57   1213322     100.00    0.00         0.000         0.000        NaN        NaN        NaN        NaN        NaN
   well 9          1     10338       0.00    0.00         0.000         0.000  4505000.0  8895000.0 11795000.0 11795000.0 11815000.0
  well 10         89   1129563     100.00    0.00         0.000         0.000        NaN        NaN        NaN        NaN        NaN
  well 11         13    159724       1.43    0.00         0.000         0.000 12805000.0 15125000.0 20965000.0 21445000.0 23265000.0
  well 12          2     21092       0.00    0.00         0.000         0.000 11895000.0 19955000.0 19975000.0 20385000.0 20475000.0
  well 13          1     13818       0.00    0.00         0.000         0.000 10685000.0 11285000.0 14125000.0 14125000.0 15905000.0
  well 14         55   1018238       0.20    0.00         0.000         0.000   415000.0 13825000.0 14065000.0 15425000.0 16605000.0
  well 15          2     37410       0.00   33.53         0.000        66.474     5000.0     5000.0     5000.0     5000.0     5000.0
  well 16          7    110156       0.00    0.00         0.000         0.000  8845000.0 11335000.0 12245000.0 13745000.0 17865000.0
  well 19          5   1123375       0.01    0.00        22.674         0.000  1685000.0  6975000.0  8735000.0  9065000.0 18845000.0
  well 20          7    386845       0.29    0.00         0.000         0.000  5005000.0  6685000.0  8195000.0 12545000.0 17025000.0
  well 21          2     94988       0.00    0.00         0.000         0.000  8425000.0  8435000.0  8485000.0  8715000.0  8725000.0
  well 22          8   3103175       0.00    0.00         0.000         0.000  8715000.0  8865000.0  9035000.0  9175000.0  9825000.0
  well 23          4   1560830     100.00    0.00         0.000         0.000        NaN        NaN        NaN        NaN        NaN
  well 24         19   2780702       0.02    0.00         5.567         0.000 23665000.0 24595000.0 25195000.0 25405000.0 26365000.0
  well 25          1    722192       0.17    0.00         0.000         0.000 10975000.0 21445000.0 21825000.0 22145000.0 25435000.0
  well 26          3   1295403     100.00    0.00         0.000         0.000        NaN        NaN        NaN        NaN        NaN
  well 27          1    680420       0.00    0.00         0.000         0.000  9515000.0  9645000.0  9755000.0  9845000.0 24685000.0
  well 28          1    325379       0.10    0.00         0.000         0.000  9535000.0  9555000.0  9565000.0  9785000.0 10005000.0
  well 29          1    147226       0.03    0.00         0.000         0.000 81705000.0 81705000.0 81705000.0 81705000.0 81705000.0
  well 30          1    161538       0.00    0.00         0.000         0.000 12685000.0 12705000.0 12785000.0 17235000.0 25535000.0
  well 31          1    362531       0.00    0.00        99.998         0.000        NaN        NaN        NaN        NaN        NaN
  well 32          1    134202       0.00    0.00         0.000         0.000  6995000.0  7035000.0 10465000.0 10505000.0 11085000.0
  well 33          6    169121     100.00    0.00         0.000         0.000        NaN        NaN        NaN        NaN        NaN
  well 34          6    207938       0.00    0.00       100.000         0.000        NaN        NaN        NaN        NaN        NaN
  well 35          6    281781       0.00  100.00         0.000         0.000     5000.0     5000.0     5000.0     5000.0     5000.0
  well 36          3     28547       0.00  100.00         0.000         0.000     5000.0     5000.0     5000.0     5000.0     5000.0
  well 37          4     94815       0.00    0.00         0.000         0.000   325000.0   335000.0   355000.0   365000.0   385000.0
  well 38          2    127711       0.00    0.00         0.000         0.000 37975000.0 37985000.0 37985000.0 37985000.0 37995000.0
  well 39          2     66210       0.00    0.00         0.000         0.000  7255000.0  7255000.0  7255000.0  7255000.0  7255000.0
  well 40          1     34417       0.00  100.00         0.000         0.000     5000.0     5000.0     5000.0     5000.0     5000.0
  well 41          9   1011533       0.01    0.00         0.000         0.000 11165000.0 11315000.0 11345000.0 11385000.0 14125000.0
  well 42          5    163248       0.00    0.00         0.000         0.000  9565000.0 10005000.0 10135000.0 10245000.0 10595000.0
simulated       1089  40748658       0.00    0.00         0.000         0.000  5195000.0 11605000.0 14895000.0 17185000.0 28225000.0
    drawn         20   2966410       0.00    0.00         0.000         0.000     5000.0     5000.0     5000.0     5000.0     5000.0

====================================================================================================
PT-P [Pa] — band (0.0, 100000000.0)
      row  instances  readings  missing_%  zero_%  below_band_%  above_band_%   p1  p25  p50  p75  p99
   well 1        132   2551509      100.0     0.0           0.0           0.0 None None None None None
   well 2        326   5686528      100.0     0.0           0.0           0.0 None None None None None
   well 3         29    603042      100.0     0.0           0.0           0.0 None None None None None
   well 4         58    609987      100.0     0.0           0.0           0.0 None None None None None
   well 5        119   1679536      100.0     0.0           0.0           0.0 None None None None None
   well 6        117   2834639      100.0     0.0           0.0           0.0 None None None None None
   well 7         12    129221      100.0     0.0           0.0           0.0 None None None None None
   well 8         57   1213322      100.0     0.0           0.0           0.0 None None None None None
   well 9          1     10338      100.0     0.0           0.0           0.0 None None None None None
  well 10         89   1129563      100.0     0.0           0.0           0.0 None None None None None
  well 11         13    159724      100.0     0.0           0.0           0.0 None None None None None
  well 12          2     21092      100.0     0.0           0.0           0.0 None None None None None
  well 13          1     13818      100.0     0.0           0.0           0.0 None None None None None
  well 14         55   1018238      100.0     0.0           0.0           0.0 None None None None None
  well 15          2     37410      100.0     0.0           0.0           0.0 None None None None None
  well 16          7    110156      100.0     0.0           0.0           0.0 None None None None None
  well 19          5   1123375      100.0     0.0           0.0           0.0 None None None None None
  well 20          7    386845      100.0     0.0           0.0           0.0 None None None None None
  well 21          2     94988      100.0     0.0           0.0           0.0 None None None None None
  well 22          8   3103175      100.0     0.0           0.0           0.0 None None None None None
  well 23          4   1560830      100.0     0.0           0.0           0.0 None None None None None
  well 24         19   2780702      100.0     0.0           0.0           0.0 None None None None None
  well 25          1    722192      100.0     0.0           0.0           0.0 None None None None None
  well 26          3   1295403      100.0     0.0           0.0           0.0 None None None None None
  well 27          1    680420      100.0     0.0           0.0           0.0 None None None None None
  well 28          1    325379      100.0     0.0           0.0           0.0 None None None None None
  well 29          1    147226      100.0     0.0           0.0           0.0 None None None None None
  well 30          1    161538      100.0     0.0           0.0           0.0 None None None None None
  well 31          1    362531      100.0     0.0           0.0           0.0 None None None None None
  well 32          1    134202      100.0     0.0           0.0           0.0 None None None None None
  well 33          6    169121      100.0     0.0           0.0           0.0 None None None None None
  well 34          6    207938      100.0     0.0           0.0           0.0 None None None None None
  well 35          6    281781      100.0     0.0           0.0           0.0 None None None None None
  well 36          3     28547      100.0     0.0           0.0           0.0 None None None None None
  well 37          4     94815      100.0     0.0           0.0           0.0 None None None None None
  well 38          2    127711      100.0     0.0           0.0           0.0 None None None None None
  well 39          2     66210      100.0     0.0           0.0           0.0 None None None None None
  well 40          1     34417      100.0     0.0           0.0           0.0 None None None None None
  well 41          9   1011533      100.0     0.0           0.0           0.0 None None None None None
  well 42          5    163248      100.0     0.0           0.0           0.0 None None None None None
simulated       1089  40748658      100.0     0.0           0.0           0.0 None None None None None
    drawn         20   2966410      100.0     0.0           0.0           0.0 None None None None None

====================================================================================================
T-JUS-CKP [°C] — band (-50.0, 250.0)
      row  instances  readings  missing_%  zero_%  below_band_%  above_band_%     p1   p25   p50   p75    p99
   well 1        132   2551509       0.00     0.0           0.0           0.0  67.94 69.11 69.50 82.89  84.45
   well 2        326   5686528     100.00     0.0           0.0           0.0    NaN   NaN   NaN   NaN    NaN
   well 3         29    603042     100.00     0.0           0.0           0.0    NaN   NaN   NaN   NaN    NaN
   well 4         58    609987       0.15     0.0           0.0           0.0  66.56 67.91 68.30 69.14  73.82
   well 5        119   1679536       0.00     0.0           0.0           0.0  64.02 65.21 65.81 67.05  67.44
   well 6        117   2834639       0.01     0.0           0.0           0.0  61.16 61.58 65.24 79.58  80.36
   well 7         12    129221       0.00     0.0           0.0           0.0  39.69 49.22 49.58 49.91  50.88
   well 8         57   1213322     100.00     0.0           0.0           0.0    NaN   NaN   NaN   NaN    NaN
   well 9          1     10338       0.00     0.0           0.0           0.0  36.08 47.00 48.20 48.35  48.44
  well 10         89   1129563     100.00     0.0           0.0           0.0    NaN   NaN   NaN   NaN    NaN
  well 11         13    159724     100.00     0.0           0.0           0.0    NaN   NaN   NaN   NaN    NaN
  well 12          2     21092     100.00     0.0           0.0           0.0    NaN   NaN   NaN   NaN    NaN
  well 13          1     13818     100.00     0.0           0.0           0.0    NaN   NaN   NaN   NaN    NaN
  well 14         55   1018238       0.20     0.0           0.0           0.0  12.98 26.63 30.86 37.44  38.36
  well 15          2     37410       0.00     0.0           0.0           0.0  27.77 31.91 33.59 45.86  45.95
  well 16          7    110156       0.00     0.0           0.0           0.0   8.66 27.72 42.41 53.39  58.41
  well 19          5   1123375     100.00     0.0           0.0           0.0    NaN   NaN   NaN   NaN    NaN
  well 20          7    386845       0.29     0.0           0.0           0.0 -11.05 30.30 43.16 45.20  51.59
  well 21          2     94988       0.00     0.0           0.0           0.0  68.12 68.60 73.55 74.33  74.99
  well 22          8   3103175       0.00     0.0           0.0           0.0  51.98 53.78 54.41 54.98  55.94
  well 23          4   1560830     100.00     0.0           0.0           0.0    NaN   NaN   NaN   NaN    NaN
  well 24         19   2780702       0.02     0.0           0.0           0.0  49.64 53.00 54.98 56.57  60.98
  well 25          1    722192     100.00     0.0           0.0           0.0    NaN   NaN   NaN   NaN    NaN
  well 26          3   1295403     100.00     0.0           0.0           0.0    NaN   NaN   NaN   NaN    NaN
  well 27          1    680420     100.00     0.0           0.0           0.0    NaN   NaN   NaN   NaN    NaN
  well 28          1    325379     100.00     0.0           0.0           0.0    NaN   NaN   NaN   NaN    NaN
  well 29          1    147226     100.00     0.0           0.0           0.0    NaN   NaN   NaN   NaN    NaN
  well 30          1    161538     100.00     0.0           0.0           0.0    NaN   NaN   NaN   NaN    NaN
  well 31          1    362531     100.00     0.0           0.0           0.0    NaN   NaN   NaN   NaN    NaN
  well 32          1    134202     100.00     0.0           0.0           0.0    NaN   NaN   NaN   NaN    NaN
  well 33          6    169121     100.00     0.0           0.0           0.0    NaN   NaN   NaN   NaN    NaN
  well 34          6    207938     100.00     0.0           0.0           0.0    NaN   NaN   NaN   NaN    NaN
  well 35          6    281781     100.00     0.0           0.0           0.0    NaN   NaN   NaN   NaN    NaN
  well 36          3     28547     100.00     0.0           0.0           0.0    NaN   NaN   NaN   NaN    NaN
  well 37          4     94815       0.00     0.0           0.0           0.0  -1.39 12.14 16.49 27.53  27.72
  well 38          2    127711       0.00     0.0           0.0           0.0  18.53 50.19 51.62 51.86  52.77
  well 39          2     66210       0.00     0.0           0.0           0.0  13.52 62.66 64.13 64.25  64.47
  well 40          1     34417       0.00     0.0           0.0           0.0  48.59 49.10 49.31 49.49  49.83
  well 41          9   1011533       0.01     0.0           0.0           0.0  34.19 57.27 57.38 57.44  57.80
  well 42          5    163248       0.00     0.0           0.0           0.0  38.03 39.02 39.95 40.10  40.91
simulated       1089  40748658       0.00     0.0           0.0           0.0  25.16 69.66 79.28 85.86 106.58
    drawn         20   2966410       0.00     0.0           0.0           0.0  39.23 52.05 57.53 63.11  73.80

====================================================================================================
T-MON-CKP [°C] — band (-50.0, 250.0)
      row  instances  readings  missing_%  zero_%  below_band_%  above_band_%    p1   p25   p50   p75    p99
   well 1        132   2551509     100.00     0.0           0.0           0.0   NaN   NaN   NaN   NaN    NaN
   well 2        326   5686528     100.00     0.0           0.0           0.0   NaN   NaN   NaN   NaN    NaN
   well 3         29    603042     100.00     0.0           0.0           0.0   NaN   NaN   NaN   NaN    NaN
   well 4         58    609987     100.00     0.0           0.0           0.0   NaN   NaN   NaN   NaN    NaN
   well 5        119   1679536     100.00     0.0           0.0           0.0   NaN   NaN   NaN   NaN    NaN
   well 6        117   2834639     100.00     0.0           0.0           0.0   NaN   NaN   NaN   NaN    NaN
   well 7         12    129221     100.00     0.0           0.0           0.0   NaN   NaN   NaN   NaN    NaN
   well 8         57   1213322     100.00     0.0           0.0           0.0   NaN   NaN   NaN   NaN    NaN
   well 9          1     10338     100.00     0.0           0.0           0.0   NaN   NaN   NaN   NaN    NaN
  well 10         89   1129563     100.00     0.0           0.0           0.0   NaN   NaN   NaN   NaN    NaN
  well 11         13    159724     100.00     0.0           0.0           0.0   NaN   NaN   NaN   NaN    NaN
  well 12          2     21092     100.00     0.0           0.0           0.0   NaN   NaN   NaN   NaN    NaN
  well 13          1     13818     100.00     0.0           0.0           0.0   NaN   NaN   NaN   NaN    NaN
  well 14         55   1018238     100.00     0.0           0.0           0.0   NaN   NaN   NaN   NaN    NaN
  well 15          2     37410     100.00     0.0           0.0           0.0   NaN   NaN   NaN   NaN    NaN
  well 16          7    110156     100.00     0.0           0.0           0.0   NaN   NaN   NaN   NaN    NaN
  well 19          5   1123375       0.01     0.0           0.0           0.0  6.32 21.02 23.69 26.24  35.39
  well 20          7    386845     100.00     0.0           0.0           0.0   NaN   NaN   NaN   NaN    NaN
  well 21          2     94988     100.00     0.0           0.0           0.0   NaN   NaN   NaN   NaN    NaN
  well 22          8   3103175     100.00     0.0           0.0           0.0   NaN   NaN   NaN   NaN    NaN
  well 23          4   1560830     100.00     0.0           0.0           0.0   NaN   NaN   NaN   NaN    NaN
  well 24         19   2780702     100.00     0.0           0.0           0.0   NaN   NaN   NaN   NaN    NaN
  well 25          1    722192       0.18     0.0           0.0           0.0  8.12 22.49 24.50 25.47  32.27
  well 26          3   1295403       0.00     0.0           0.0           0.0 -0.91  1.34  2.42  3.27   4.85
  well 27          1    680420       0.00     0.0           0.0           0.0 25.13 25.73 26.19 26.69  40.97
  well 28          1    325379       0.10     0.0           0.0           0.0  1.20 19.85 24.05 29.19  32.75
  well 29          1    147226       0.03     0.0           0.0           0.0 11.33 24.98 27.30 37.38  37.46
  well 30          1    161538       0.00     0.0         100.0           0.0   NaN   NaN   NaN   NaN    NaN
  well 31          1    362531       0.00     0.0           0.0           0.0 25.10 27.53 30.77 32.84  35.63
  well 32          1    134202       0.00     0.0           0.0           0.0  8.30 19.25 20.42 35.45  37.05
  well 33          6    169121     100.00     0.0           0.0           0.0   NaN   NaN   NaN   NaN    NaN
  well 34          6    207938     100.00     0.0           0.0           0.0   NaN   NaN   NaN   NaN    NaN
  well 35          6    281781     100.00     0.0           0.0           0.0   NaN   NaN   NaN   NaN    NaN
  well 36          3     28547     100.00     0.0           0.0           0.0   NaN   NaN   NaN   NaN    NaN
  well 37          4     94815     100.00     0.0           0.0           0.0   NaN   NaN   NaN   NaN    NaN
  well 38          2    127711     100.00     0.0           0.0           0.0   NaN   NaN   NaN   NaN    NaN
  well 39          2     66210     100.00     0.0           0.0           0.0   NaN   NaN   NaN   NaN    NaN
  well 40          1     34417     100.00     0.0           0.0           0.0   NaN   NaN   NaN   NaN    NaN
  well 41          9   1011533     100.00     0.0           0.0           0.0   NaN   NaN   NaN   NaN    NaN
  well 42          5    163248     100.00     0.0           0.0           0.0   NaN   NaN   NaN   NaN    NaN
simulated       1089  40748658      54.19     0.0           0.0           0.0 42.05 82.49 86.67 91.22 107.33
    drawn         20   2966410     100.00     0.0           0.0           0.0   NaN   NaN   NaN   NaN    NaN

====================================================================================================
T-PDG [°C] — band (-50.0, 250.0)
      row  instances  readings  missing_%  zero_%  below_band_%  above_band_%     p1    p25    p50    p75    p99
   well 1        132   2551509       0.00   71.41        22.425         0.000  -0.01  -0.01  -0.01  -0.01 114.77
   well 2        326   5686528     100.00    0.00         0.000         0.000    NaN    NaN    NaN    NaN    NaN
   well 3         29    603042     100.00    0.00         0.000         0.000    NaN    NaN    NaN    NaN    NaN
   well 4         58    609987       0.14    3.08         0.000         0.000  -0.01  89.99  89.99  89.99  89.99
   well 5        119   1679536     100.00    0.00         0.000         0.000    NaN    NaN    NaN    NaN    NaN
   well 6        117   2834639       0.01   22.80        10.784         0.000  -0.01  -0.01  36.23  36.23  36.23
   well 7         12    129221       0.00    0.00         0.000         0.000  61.19  61.49  61.49  61.49  61.49
   well 8         57   1213322     100.00    0.00         0.000         0.000    NaN    NaN    NaN    NaN    NaN
   well 9          1     10338       0.00  100.00         0.000         0.000  -0.01  -0.01  -0.01  -0.01  -0.01
  well 10         89   1129563       0.00    0.00         0.000         0.000  68.60  68.72  68.72  68.75  68.78
  well 11         13    159724       1.43   13.66         0.000         0.000  -0.01 124.67 125.67 125.81 125.90
  well 12          2     21092       0.00    0.00         0.000         0.000 124.31 124.58 124.61 124.73 124.73
  well 13          1     13818       0.00  100.00         0.000         0.000  -0.01  -0.01  -0.01  -0.01  -0.01
  well 14         55   1018238       0.20    0.00         0.000         0.000  61.13  61.61  61.67  61.73  61.77
  well 15          2     37410       0.00    0.00         0.000         0.000  69.92  69.95  69.95  69.98  69.98
  well 16          7    110156       0.00    0.00         0.000         0.000  57.53  79.05  79.67  79.77  79.83
  well 19          5   1123375       0.01    0.00        22.675         0.000  58.13  68.42  70.07  70.44 176.43
  well 20          7    386845       0.29    0.00         0.000         0.000 118.17 118.17 118.17 118.17 120.80
  well 21          2     94988       0.00  100.00         0.000         0.000  -0.01  -0.01  -0.01  -0.01  -0.01
  well 22          8   3103175       0.00  100.00         0.000         0.000  -0.01  -0.01  -0.01  -0.01  -0.01
  well 23          4   1560830      35.88    0.00         0.000        64.122    NaN    NaN    NaN    NaN    NaN
  well 24         19   2780702      20.85   79.15         0.000         0.000  -0.01  -0.01  -0.01  -0.01  -0.01
  well 25          1    722192       0.16    0.00         0.000         0.000  57.32  57.44  57.69  58.80  61.28
  well 26          3   1295403       0.00    0.00         0.000         0.000 106.67 107.24 107.30 107.52 107.58
  well 27          1    680420     100.00    0.00         0.000         0.000    NaN    NaN    NaN    NaN    NaN
  well 28          1    325379       0.10    4.13        95.766         0.000  -0.01  -0.01  -0.01  -0.01  -0.01
  well 29          1    147226       0.03    0.00         0.000         0.000  49.05  49.16  49.31  49.67  49.73
  well 30          1    161538       0.00    0.00         0.000         0.000  48.02  49.19  51.20  53.66  53.78
  well 31          1    362531     100.00    0.00         0.000         0.000    NaN    NaN    NaN    NaN    NaN
  well 32          1    134202       0.00    0.00         0.000         0.000  74.30  74.30  74.30  74.30  74.30
  well 33          6    169121     100.00    0.00         0.000         0.000    NaN    NaN    NaN    NaN    NaN
  well 34          6    207938     100.00    0.00         0.000         0.000    NaN    NaN    NaN    NaN    NaN
  well 35          6    281781     100.00    0.00         0.000         0.000    NaN    NaN    NaN    NaN    NaN
  well 36          3     28547     100.00    0.00         0.000         0.000    NaN    NaN    NaN    NaN    NaN
  well 37          4     94815       0.00    0.00         0.000         0.000  72.53  73.82  75.08  75.27  75.27
  well 38          2    127711       0.00    0.00         0.000         0.000  77.42  78.30  78.30  78.33  78.36
  well 39          2     66210       0.00  100.00         0.000         0.000  -0.01  -0.01  -0.01  -0.01  -0.01
  well 40          1     34417       0.00  100.00         0.000         0.000  -0.01  -0.01  -0.01  -0.01  -0.01
  well 41          9   1011533       0.01    0.00         0.000         0.000  77.00  77.16  77.16  77.16  77.19
  well 42          5    163248       0.00    0.00         0.000         0.000  74.57  74.60  74.63  74.69  74.72
simulated       1089  40748658     100.00    0.00         0.000         0.000    NaN    NaN    NaN    NaN    NaN
    drawn         20   2966410     100.00    0.00         0.000         0.000    NaN    NaN    NaN    NaN    NaN

====================================================================================================
T-TPT [°C] — band (-50.0, 250.0)
      row  instances  readings  missing_%  zero_%  below_band_%  above_band_%     p1    p25    p50    p75    p99
   well 1        132   2551509       0.00    0.00           0.0           0.0 116.36 116.75 116.99 118.46 119.03
   well 2        326   5686528       0.01    0.00           0.0           0.0 115.77 116.99 117.45 117.71 118.73
   well 3         29    603042       0.62    0.00           0.0           0.0  10.10 110.48 110.61 110.84 111.92
   well 4         58    609987       0.14    0.00           0.0           0.0 106.43 106.52 106.55 106.55 106.97
   well 5        119   1679536       0.00    0.00           0.0           0.0 105.50 105.71 106.08 106.25 106.40
   well 6        117   2834639       0.01    0.00           0.0           0.0 116.39 116.52 117.45 118.58 118.92
   well 7         12    129221       0.00    0.00           0.0           0.0  55.77  59.69  59.75  59.75  59.78
   well 8         57   1213322     100.00    0.00           0.0           0.0    NaN    NaN    NaN    NaN    NaN
   well 9          1     10338       0.00    0.00           0.0           0.0  21.74  58.13 106.97 107.03 107.09
  well 10         89   1129563       0.00    0.00           0.0           0.0  57.27  58.13  58.55  59.57  63.08
  well 11         13    159724       1.43    0.00           0.0           0.0   3.32  24.62 111.80 112.55 113.36
  well 12          2     21092       0.00    0.00           0.0           0.0  34.91 114.30 114.39 115.22 115.22
  well 13          1     13818       0.00    0.00           0.0           0.0   8.60  19.34 114.17 114.20 114.20
  well 14         55   1018238       0.20    2.12           0.0           0.0  -0.01  49.10  55.02  56.33  56.88
  well 15          2     37410       0.00   33.53           0.0           0.0  -0.01  -0.01  48.23  53.06  55.61
  well 16          7    110156       0.00    0.00           0.0           0.0   3.53  20.33  67.19  72.20  77.06
  well 19          5   1123375       0.01    0.00           0.0           0.0 -25.00 -24.94   4.79  31.97  53.88
  well 20          7    386845       0.29    0.00           0.0           0.0   6.50  86.06  97.83  98.81 101.75
  well 21          2     94988       0.00    0.00           0.0           0.0 109.43 109.49 109.73 109.83 109.92
  well 22          8   3103175       0.00    0.00           0.0           0.0 105.47 105.74 105.80 105.83 106.20
  well 23          4   1560830      35.88    0.00           0.0           0.0 -33.75 -33.75 -33.75 -33.75 -33.75
  well 24         19   2780702       0.02    0.00           0.0           0.0  46.38  48.23  49.44  49.91  96.36
  well 25          1    722192       0.17    0.00           0.0           0.0   2.96   3.11   3.17   3.29  44.36
  well 26          3   1295403     100.00    0.00           0.0           0.0    NaN    NaN    NaN    NaN    NaN
  well 27          1    680420       0.00    0.00           0.0           0.0   3.47   3.47   3.47   3.47   3.47
  well 28          1    325379     100.00    0.00           0.0           0.0    NaN    NaN    NaN    NaN    NaN
  well 29          1    147226       0.03    0.00           0.0           0.0   3.86   4.10   9.62  46.58  46.70
  well 30          1    161538       0.00    0.00           0.0           0.0   4.16   4.25   4.38  42.33  45.44
  well 31          1    362531     100.00    0.00           0.0           0.0    NaN    NaN    NaN    NaN    NaN
  well 32          1    134202       0.00    0.00           0.0           0.0 -25.00 -25.00 -25.00 -25.00 -25.00
  well 33          6    169121     100.00    0.00           0.0           0.0    NaN    NaN    NaN    NaN    NaN
  well 34          6    207938     100.00    0.00           0.0           0.0    NaN    NaN    NaN    NaN    NaN
  well 35          6    281781     100.00    0.00           0.0           0.0    NaN    NaN    NaN    NaN    NaN
  well 36          3     28547     100.00    0.00           0.0           0.0    NaN    NaN    NaN    NaN    NaN
  well 37          4     94815       0.00    0.00           0.0           0.0   0.77   0.84   0.89   0.89   0.95
  well 38          2    127711       0.00    0.00           0.0           0.0  24.59  67.16  67.61  67.73  69.05
  well 39          2     66210       0.00    0.00           0.0           0.0  71.00  71.00  71.00  71.00  71.00
  well 40          1     34417       0.00  100.00           0.0           0.0  -0.01  -0.01  -0.01  -0.01  -0.01
  well 41          9   1011533       0.01    0.00           0.0           0.0  60.89  69.92  69.98  70.05  70.34
  well 42          5    163248       0.00    0.00           0.0           0.0  58.22  58.52  58.88  58.97  60.53
simulated       1089  40748658      14.25    0.00           0.0           0.0   3.38  93.89 108.23 122.61 126.62
    drawn         20   2966410       0.00    0.00           0.0           0.0  49.34  59.88  64.82 109.95 120.65
